[[-6.45750e-02 -1.87923e-01  4.45649e-01 -4.35628e-01  4.05572e-01
   3.78887e-01 -8.70199e-02  1.06705e-01 -1.11497e-01 -4.82398e-01]
 [ 2.25678e-01  1.96067e-01 -4.63347e-01 -1.50724e-01  3.06694e-01
  -1.39659e-01 -4.86444e-01  3.84265e-01  3.84271e-01 -1.66438e-01]
 [-6.67591e-01  2.77893e-01  9.45679e-02 -2.23432e-01  3.34149e-01
  -9.61863e-02 -9.75146e-03 -2.38067e-01  3.49693e-01  3.43904e-01]
 [-2.96700e-01 -1.78029e-01 -3.70737e-15 -1.18671e-01 -2.34041e-15
  -4.15371e-01  4.15371e-01  7.12070e-01 -1.18671e-01 -3.17996e-15]
 [-2.56545e-01 -6.93633e-01 -6.93737e-15  4.37087e-01 -4.63644e-15
   1.80542e-01 -1.80542e-01  7.60029e-02  4.37087e-01 -6.40747e-15]
 [-4.51893e-02  3.92889e-02 -4.02771e-01 -3.41477e-01 -3.00193e-01
   6.23406e-01  3.92448e-01  1.12529e-01  2.62337e-01  5.77415e-02]
 [-1.65745e-01  2.81517e-01 -2.14693e-01  4.68112e-01  2.64531e-01
   7.80189e-03  4.10851e-01 -1.43639e-01  7.28155e-02 -6.02731e-01]
 [-1.43685e-02 -2.25018e-01 -4.42755e-01  8.50019e-02  5.61381e-01
   2.09909e-01  3.97220e-02 -3.45994e-02 -5.14806e-01  3.44808e-01]
 [-4.74855e-01  3.20714e-01 -2.42096e-02  2.37122e-01 -2.97152e-01
   3.06628e-01 -4.47149e-01  2.99818e-01 -3.70367e-01 -7.42803e-02]
 [ 3.00280e-01  3.19238e-01  4.15727e-01  3.65066e-01  2.57399e-01
   3.09487e-01  1.61996e-01  3.83505e-01  1.90185e-01  3.60960e-01]]